{
 "cells": [
  {
   "cell_type": "markdown",
   "id": "b0d321a7-9a90-45d1-8eb1-cbb7ec119dce",
   "metadata": {},
   "source": [
    "**DATA EXTRACTION**"
   ]
  },
  {
   "cell_type": "code",
   "execution_count": 329,
   "id": "c62e2d47-e2b7-42c3-aaac-19d2dd2b1e0a",
   "metadata": {},
   "outputs": [],
   "source": [
    "from bs4 import BeautifulSoup\n",
    "import requests\n",
    "import pandas as pd"
   ]
  },
  {
   "cell_type": "code",
   "execution_count": 330,
   "id": "35aa31ca-695a-4a6a-95a1-83086730d801",
   "metadata": {},
   "outputs": [
    {
     "data": {
      "text/plain": [
       "1500"
      ]
     },
     "execution_count": 330,
     "metadata": {},
     "output_type": "execute_result"
    }
   ],
   "source": [
    "base_url=\"https://www.airlinequality.com/airline-reviews/british-airways\"\n",
    "pages=10\n",
    "page_size=150\n",
    "reviews=[]\n",
    "\n",
    "for i in range(1,pages+1):\n",
    "    url = f\"{base_url}/page/{i}/?sortby=post_date%3ADesc&pagesize={page_size}\"\n",
    "    page=requests.get(url)\n",
    "    soup=BeautifulSoup(page.text,'html.parser')\n",
    "    for content in soup.find_all(\"div\",{\"class\":\"text_content\"}):\n",
    "        reviews.append(content.get_text())\n",
    "len(reviews)"
   ]
  },
  {
   "cell_type": "code",
   "execution_count": 331,
   "id": "5bbd282c-5e38-4ae0-92c7-5b137825be5a",
   "metadata": {},
   "outputs": [
    {
     "name": "stdout",
     "output_type": "stream",
     "text": [
      "   Id                                            Reviews\n",
      "0   1  ✅ Trip Verified |   Flight mainly let down by ...\n",
      "1   2  ✅ Trip Verified |   Another awful experience b...\n",
      "2   3  ✅ Trip Verified |   The service was rude, full...\n",
      "3   4  ✅ Trip Verified |   This flight was a joke. Th...\n",
      "4   5  ✅ Trip Verified |   This time British Airways ...\n"
     ]
    }
   ],
   "source": [
    "data = {\n",
    "    \"Id\": list(range(1, len(reviews) + 1)),\n",
    "    \"Reviews\": reviews,\n",
    "}\n",
    "\n",
    "\n",
    "df_data=pd.DataFrame(data)\n",
    "print(df_data.head())"
   ]
  },
  {
   "cell_type": "code",
   "execution_count": 333,
   "id": "93f14451-08ac-4136-af20-cca72a8472c0",
   "metadata": {},
   "outputs": [],
   "source": [
    "df_data.to_csv(r'C:\\Users\\karth\\Desktop\\Data Analysis\\British Airways\\Data\\BA_reviews.csv')"
   ]
  },
  {
   "cell_type": "markdown",
   "id": "e25c9cfe-3048-4d92-8dee-5a14b52bc8da",
   "metadata": {},
   "source": [
    "**DATA CLEANING**"
   ]
  },
  {
   "cell_type": "code",
   "execution_count": 334,
   "id": "d87ac5f6-45ef-4ab2-ac93-016176c36fc1",
   "metadata": {},
   "outputs": [
    {
     "name": "stdout",
     "output_type": "stream",
     "text": [
      "     Id                                            Reviews\n",
      "0     1  ✅   Flight mainly let down by a disagreeable f...\n",
      "1     2  ✅   Another awful experience by British Airway...\n",
      "2     3  ✅   The service was rude, full of attitude to ...\n",
      "3     4  ✅   This flight was a joke. There was four peo...\n",
      "4     5  ✅    This time British Airways managed to get ...\n",
      "..  ...                                                ...\n",
      "95   96  ✅ Flight cancelled due to bad weather, BA cont...\n",
      "96   97  ✅  British Airways oversold my LHR to LAX flig...\n",
      "97   98  ✅  I travelled London to Doha on July 16th, I ...\n",
      "98   99  ✅  When dropping off my luggage at the luggage...\n",
      "99  100  ✅ If you can’t fly First Class don’t fly Briti...\n",
      "\n",
      "[100 rows x 2 columns]\n"
     ]
    }
   ],
   "source": [
    "df_data['Reviews'] = df_data['Reviews'].str.replace('Trip Verified | ', '')  \n",
    "df_data['Reviews'] = df_data['Reviews'].str.replace('Trip Verified |  ', '')  \n",
    "df_data['Reviews'] = df_data['Reviews'].str.replace('Trip Verified |', '')  \n",
    "df_data['Reviews'] = df_data['Reviews'].str.replace('Not Verified |  ', '')  \n",
    "print(df_data.head(100))"
   ]
  },
  {
   "cell_type": "code",
   "execution_count": 335,
   "id": "083348a3-cebe-4df3-a358-b23d8b36309c",
   "metadata": {},
   "outputs": [
    {
     "name": "stdout",
     "output_type": "stream",
     "text": [
      "     Id                                            Reviews\n",
      "0           Flight mainly let down by a disagreeable fl...\n",
      "1           Another awful experience by British Airways...\n",
      "2           The service was rude full of attitude to me...\n",
      "3           This flight was a joke There was four peopl...\n",
      "4            This time British Airways managed to get e...\n",
      "...  ..                                                ...\n",
      "1495     Two regular an uneventful flights Curiously en...\n",
      "1496      London to Belfast Another regular flight by B...\n",
      "1497      Very full flight on G-BNLPB flying from Miami...\n",
      "1498      Warsaw to London WAW is not a pleasant airpor...\n",
      "1499       I booked my flight with Cathay Pacific  the ...\n",
      "\n",
      "[1500 rows x 2 columns]\n"
     ]
    }
   ],
   "source": [
    "import re\n",
    "\n",
    "def clean_row(row):\n",
    "  return row.apply(lambda x: re.sub(r'[^a-zA-Z\\s-]', '', str(x)))\n",
    "\n",
    "def clean_dataframe(df_data):\n",
    "  return df_data.apply(clean_row, axis=1)\n",
    "cleaned_df =[]\n",
    "cleaned_df = clean_dataframe(df_data)\n",
    "print(cleaned_df)"
   ]
  },
  {
   "cell_type": "code",
   "execution_count": 337,
   "id": "c8865671-917a-4a35-ac0c-d738faeef0e7",
   "metadata": {},
   "outputs": [],
   "source": [
    "import numpy as np\n",
    "import matplotlib.pyplot as plt\n",
    "import seaborn as sns\n",
    "\n",
    "plt.style.use('ggplot')\n",
    "\n",
    "import nltk\n",
    "#nltk.download('vader_lexicon')"
   ]
  },
  {
   "cell_type": "code",
   "execution_count": 338,
   "id": "bc0f928c-df19-41cb-ae4b-ef68da0ae80e",
   "metadata": {},
   "outputs": [],
   "source": [
    "df=pd.DataFrame(cleaned_df)"
   ]
  },
  {
   "cell_type": "code",
   "execution_count": 339,
   "id": "65c084fc-19d3-4dd6-bb92-9172d1e325bd",
   "metadata": {},
   "outputs": [
    {
     "data": {
      "text/html": [
       "<div>\n",
       "<style scoped>\n",
       "    .dataframe tbody tr th:only-of-type {\n",
       "        vertical-align: middle;\n",
       "    }\n",
       "\n",
       "    .dataframe tbody tr th {\n",
       "        vertical-align: top;\n",
       "    }\n",
       "\n",
       "    .dataframe thead th {\n",
       "        text-align: right;\n",
       "    }\n",
       "</style>\n",
       "<table border=\"1\" class=\"dataframe\">\n",
       "  <thead>\n",
       "    <tr style=\"text-align: right;\">\n",
       "      <th></th>\n",
       "      <th>Id</th>\n",
       "      <th>Reviews</th>\n",
       "    </tr>\n",
       "  </thead>\n",
       "  <tbody>\n",
       "    <tr>\n",
       "      <th>0</th>\n",
       "      <td></td>\n",
       "      <td>Flight mainly let down by a disagreeable fl...</td>\n",
       "    </tr>\n",
       "    <tr>\n",
       "      <th>1</th>\n",
       "      <td></td>\n",
       "      <td>Another awful experience by British Airways...</td>\n",
       "    </tr>\n",
       "    <tr>\n",
       "      <th>2</th>\n",
       "      <td></td>\n",
       "      <td>The service was rude full of attitude to me...</td>\n",
       "    </tr>\n",
       "    <tr>\n",
       "      <th>3</th>\n",
       "      <td></td>\n",
       "      <td>This flight was a joke There was four peopl...</td>\n",
       "    </tr>\n",
       "    <tr>\n",
       "      <th>4</th>\n",
       "      <td></td>\n",
       "      <td>This time British Airways managed to get e...</td>\n",
       "    </tr>\n",
       "    <tr>\n",
       "      <th>...</th>\n",
       "      <td>...</td>\n",
       "      <td>...</td>\n",
       "    </tr>\n",
       "    <tr>\n",
       "      <th>1495</th>\n",
       "      <td></td>\n",
       "      <td>Two regular an uneventful flights Curiously en...</td>\n",
       "    </tr>\n",
       "    <tr>\n",
       "      <th>1496</th>\n",
       "      <td></td>\n",
       "      <td>London to Belfast Another regular flight by B...</td>\n",
       "    </tr>\n",
       "    <tr>\n",
       "      <th>1497</th>\n",
       "      <td></td>\n",
       "      <td>Very full flight on G-BNLPB flying from Miami...</td>\n",
       "    </tr>\n",
       "    <tr>\n",
       "      <th>1498</th>\n",
       "      <td></td>\n",
       "      <td>Warsaw to London WAW is not a pleasant airpor...</td>\n",
       "    </tr>\n",
       "    <tr>\n",
       "      <th>1499</th>\n",
       "      <td></td>\n",
       "      <td>I booked my flight with Cathay Pacific  the ...</td>\n",
       "    </tr>\n",
       "  </tbody>\n",
       "</table>\n",
       "<p>1500 rows × 2 columns</p>\n",
       "</div>"
      ],
      "text/plain": [
       "     Id                                            Reviews\n",
       "0           Flight mainly let down by a disagreeable fl...\n",
       "1           Another awful experience by British Airways...\n",
       "2           The service was rude full of attitude to me...\n",
       "3           This flight was a joke There was four peopl...\n",
       "4            This time British Airways managed to get e...\n",
       "...  ..                                                ...\n",
       "1495     Two regular an uneventful flights Curiously en...\n",
       "1496      London to Belfast Another regular flight by B...\n",
       "1497      Very full flight on G-BNLPB flying from Miami...\n",
       "1498      Warsaw to London WAW is not a pleasant airpor...\n",
       "1499       I booked my flight with Cathay Pacific  the ...\n",
       "\n",
       "[1500 rows x 2 columns]"
      ]
     },
     "execution_count": 339,
     "metadata": {},
     "output_type": "execute_result"
    }
   ],
   "source": [
    "df"
   ]
  },
  {
   "cell_type": "code",
   "execution_count": 340,
   "id": "fc9d7956-6a4b-4e16-973f-40f17e78b809",
   "metadata": {},
   "outputs": [
    {
     "name": "stdout",
     "output_type": "stream",
     "text": [
      "object\n"
     ]
    }
   ],
   "source": [
    "print(df['Id'].dtype)"
   ]
  },
  {
   "cell_type": "code",
   "execution_count": 341,
   "id": "ccb2bde1-7063-4dc8-87d5-287109fd6947",
   "metadata": {},
   "outputs": [
    {
     "data": {
      "text/plain": [
       "<nltk.sentiment.vader.SentimentIntensityAnalyzer at 0x206be344d10>"
      ]
     },
     "execution_count": 341,
     "metadata": {},
     "output_type": "execute_result"
    }
   ],
   "source": [
    "from nltk.sentiment import SentimentIntensityAnalyzer\n",
    "from tqdm.notebook import tqdm\n",
    "\n",
    "sia = SentimentIntensityAnalyzer()\n",
    "sia"
   ]
  },
  {
   "cell_type": "code",
   "execution_count": 342,
   "id": "65d9e54f-3a7e-4194-9e64-5d7cdaad8dff",
   "metadata": {},
   "outputs": [
    {
     "data": {
      "application/vnd.jupyter.widget-view+json": {
       "model_id": "0f121f7e0a9c4acc87a96c8beb0a2dda",
       "version_major": 2,
       "version_minor": 0
      },
      "text/plain": [
       "  0%|          | 0/1500 [00:00<?, ?it/s]"
      ]
     },
     "metadata": {},
     "output_type": "display_data"
    },
    {
     "data": {
      "text/plain": [
       "1500"
      ]
     },
     "execution_count": 342,
     "metadata": {},
     "output_type": "execute_result"
    }
   ],
   "source": [
    "res = {}\n",
    "for i, row in tqdm(df.iterrows(), total=len(df)):\n",
    "    Reviews = row['Reviews']\n",
    "    Id = i\n",
    "    res[Id]= sia.polarity_scores(Reviews)\n",
    "len(res)"
   ]
  },
  {
   "cell_type": "code",
   "execution_count": 368,
   "id": "b80af0f1-39ed-4ea6-be48-78a452c7d8b6",
   "metadata": {},
   "outputs": [
    {
     "data": {
      "text/plain": [
       "{0: {'neg': 0.124, 'neu': 0.799, 'pos': 0.077, 'compound': -0.8765},\n",
       " 1: {'neg': 0.289, 'neu': 0.711, 'pos': 0.0, 'compound': -0.8294},\n",
       " 2: {'neg': 0.107, 'neu': 0.893, 'pos': 0.0, 'compound': -0.4588},\n",
       " 3: {'neg': 0.061, 'neu': 0.857, 'pos': 0.082, 'compound': 0.0},\n",
       " 4: {'neg': 0.0, 'neu': 0.767, 'pos': 0.233, 'compound': 0.9831},\n",
       " 5: {'neg': 0.03, 'neu': 0.878, 'pos': 0.092, 'compound': 0.6682},\n",
       " 6: {'neg': 0.071, 'neu': 0.749, 'pos': 0.18, 'compound': 0.9428},\n",
       " 7: {'neg': 0.083, 'neu': 0.884, 'pos': 0.033, 'compound': -0.9026},\n",
       " 8: {'neg': 0.049, 'neu': 0.927, 'pos': 0.024, 'compound': -0.8095},\n",
       " 9: {'neg': 0.046, 'neu': 0.786, 'pos': 0.168, 'compound': 0.9437},\n",
       " 10: {'neg': 0.058, 'neu': 0.583, 'pos': 0.358, 'compound': 0.995},\n",
       " 11: {'neg': 0.23, 'neu': 0.649, 'pos': 0.121, 'compound': -0.5994},\n",
       " 12: {'neg': 0.011, 'neu': 0.65, 'pos': 0.338, 'compound': 0.9892},\n",
       " 13: {'neg': 0.0, 'neu': 0.729, 'pos': 0.271, 'compound': 0.8514},\n",
       " 14: {'neg': 0.108, 'neu': 0.671, 'pos': 0.221, 'compound': 0.8442},\n",
       " 15: {'neg': 0.087, 'neu': 0.831, 'pos': 0.083, 'compound': 0.3795},\n",
       " 16: {'neg': 0.067, 'neu': 0.933, 'pos': 0.0, 'compound': -0.7391},\n",
       " 17: {'neg': 0.167, 'neu': 0.833, 'pos': 0.0, 'compound': -0.7003},\n",
       " 18: {'neg': 0.146, 'neu': 0.781, 'pos': 0.073, 'compound': -0.682},\n",
       " 19: {'neg': 0.127, 'neu': 0.767, 'pos': 0.106, 'compound': -0.9425},\n",
       " 20: {'neg': 0.074, 'neu': 0.792, 'pos': 0.134, 'compound': 0.9839},\n",
       " 21: {'neg': 0.061, 'neu': 0.907, 'pos': 0.031, 'compound': -0.8073},\n",
       " 22: {'neg': 0.11, 'neu': 0.829, 'pos': 0.061, 'compound': -0.8957},\n",
       " 23: {'neg': 0.119, 'neu': 0.853, 'pos': 0.028, 'compound': -0.9716},\n",
       " 24: {'neg': 0.032, 'neu': 0.733, 'pos': 0.234, 'compound': 0.9972},\n",
       " 25: {'neg': 0.075, 'neu': 0.727, 'pos': 0.198, 'compound': 0.9808},\n",
       " 26: {'neg': 0.098, 'neu': 0.829, 'pos': 0.073, 'compound': -0.63},\n",
       " 27: {'neg': 0.156, 'neu': 0.758, 'pos': 0.085, 'compound': -0.6747},\n",
       " 28: {'neg': 0.105, 'neu': 0.831, 'pos': 0.064, 'compound': -0.9158},\n",
       " 29: {'neg': 0.149, 'neu': 0.829, 'pos': 0.022, 'compound': -0.9314},\n",
       " 30: {'neg': 0.073, 'neu': 0.927, 'pos': 0.0, 'compound': -0.7506},\n",
       " 31: {'neg': 0.135, 'neu': 0.814, 'pos': 0.051, 'compound': -0.7569},\n",
       " 32: {'neg': 0.0, 'neu': 0.547, 'pos': 0.453, 'compound': 0.9833},\n",
       " 33: {'neg': 0.038, 'neu': 0.903, 'pos': 0.059, 'compound': 0.5248},\n",
       " 34: {'neg': 0.112, 'neu': 0.851, 'pos': 0.038, 'compound': -0.9831},\n",
       " 35: {'neg': 0.0, 'neu': 0.991, 'pos': 0.009, 'compound': 0.0258},\n",
       " 36: {'neg': 0.09, 'neu': 0.786, 'pos': 0.125, 'compound': 0.9201},\n",
       " 37: {'neg': 0.068, 'neu': 0.932, 'pos': 0.0, 'compound': -0.4939},\n",
       " 38: {'neg': 0.157, 'neu': 0.758, 'pos': 0.085, 'compound': -0.901},\n",
       " 39: {'neg': 0.033, 'neu': 0.788, 'pos': 0.179, 'compound': 0.984},\n",
       " 40: {'neg': 0.134, 'neu': 0.785, 'pos': 0.082, 'compound': -0.9532},\n",
       " 41: {'neg': 0.098, 'neu': 0.865, 'pos': 0.038, 'compound': -0.9234},\n",
       " 42: {'neg': 0.061, 'neu': 0.747, 'pos': 0.192, 'compound': 0.8737},\n",
       " 43: {'neg': 0.122, 'neu': 0.786, 'pos': 0.092, 'compound': -0.9661},\n",
       " 44: {'neg': 0.161, 'neu': 0.615, 'pos': 0.224, 'compound': 0.5709},\n",
       " 45: {'neg': 0.069, 'neu': 0.874, 'pos': 0.058, 'compound': -0.3728},\n",
       " 46: {'neg': 0.06, 'neu': 0.844, 'pos': 0.096, 'compound': 0.7985},\n",
       " 47: {'neg': 0.038, 'neu': 0.937, 'pos': 0.025, 'compound': -0.5023},\n",
       " 48: {'neg': 0.093, 'neu': 0.858, 'pos': 0.05, 'compound': -0.9408},\n",
       " 49: {'neg': 0.053, 'neu': 0.947, 'pos': 0.0, 'compound': -0.3612},\n",
       " 50: {'neg': 0.164, 'neu': 0.816, 'pos': 0.02, 'compound': -0.9062},\n",
       " 51: {'neg': 0.062, 'neu': 0.793, 'pos': 0.145, 'compound': 0.977},\n",
       " 52: {'neg': 0.242, 'neu': 0.745, 'pos': 0.013, 'compound': -0.9735},\n",
       " 53: {'neg': 0.123, 'neu': 0.856, 'pos': 0.021, 'compound': -0.9217},\n",
       " 54: {'neg': 0.122, 'neu': 0.619, 'pos': 0.259, 'compound': 0.9151},\n",
       " 55: {'neg': 0.016, 'neu': 0.869, 'pos': 0.115, 'compound': 0.9825},\n",
       " 56: {'neg': 0.069, 'neu': 0.877, 'pos': 0.054, 'compound': -0.2514},\n",
       " 57: {'neg': 0.027, 'neu': 0.944, 'pos': 0.029, 'compound': 0.3514},\n",
       " 58: {'neg': 0.105, 'neu': 0.848, 'pos': 0.047, 'compound': -0.7184},\n",
       " 59: {'neg': 0.036, 'neu': 0.729, 'pos': 0.234, 'compound': 0.9747},\n",
       " 60: {'neg': 0.161, 'neu': 0.839, 'pos': 0.0, 'compound': -0.7246},\n",
       " 61: {'neg': 0.043, 'neu': 0.675, 'pos': 0.282, 'compound': 0.91},\n",
       " 62: {'neg': 0.272, 'neu': 0.67, 'pos': 0.058, 'compound': -0.9246},\n",
       " 63: {'neg': 0.175, 'neu': 0.825, 'pos': 0.0, 'compound': -0.8265},\n",
       " 64: {'neg': 0.075, 'neu': 0.707, 'pos': 0.218, 'compound': 0.9811},\n",
       " 65: {'neg': 0.108, 'neu': 0.892, 'pos': 0.0, 'compound': -0.7047},\n",
       " 66: {'neg': 0.067, 'neu': 0.824, 'pos': 0.109, 'compound': 0.7673},\n",
       " 67: {'neg': 0.079, 'neu': 0.882, 'pos': 0.039, 'compound': -0.8406},\n",
       " 68: {'neg': 0.14, 'neu': 0.796, 'pos': 0.064, 'compound': -0.96},\n",
       " 69: {'neg': 0.077, 'neu': 0.785, 'pos': 0.138, 'compound': 0.7269},\n",
       " 70: {'neg': 0.152, 'neu': 0.848, 'pos': 0.0, 'compound': -0.9371},\n",
       " 71: {'neg': 0.043, 'neu': 0.781, 'pos': 0.177, 'compound': 0.8793},\n",
       " 72: {'neg': 0.146, 'neu': 0.827, 'pos': 0.027, 'compound': -0.9959},\n",
       " 73: {'neg': 0.063, 'neu': 0.931, 'pos': 0.006, 'compound': -0.8384},\n",
       " 74: {'neg': 0.08, 'neu': 0.891, 'pos': 0.03, 'compound': -0.4019},\n",
       " 75: {'neg': 0.028, 'neu': 0.776, 'pos': 0.195, 'compound': 0.9039},\n",
       " 76: {'neg': 0.179, 'neu': 0.741, 'pos': 0.08, 'compound': -0.3612},\n",
       " 77: {'neg': 0.18, 'neu': 0.734, 'pos': 0.085, 'compound': -0.5475},\n",
       " 78: {'neg': 0.094, 'neu': 0.82, 'pos': 0.087, 'compound': 0.1754},\n",
       " 79: {'neg': 0.021, 'neu': 0.933, 'pos': 0.046, 'compound': 0.34},\n",
       " 80: {'neg': 0.062, 'neu': 0.831, 'pos': 0.107, 'compound': 0.9228},\n",
       " 81: {'neg': 0.057, 'neu': 0.943, 'pos': 0.0, 'compound': -0.5423},\n",
       " 82: {'neg': 0.057, 'neu': 0.903, 'pos': 0.04, 'compound': -0.5267},\n",
       " 83: {'neg': 0.183, 'neu': 0.704, 'pos': 0.113, 'compound': -0.8476},\n",
       " 84: {'neg': 0.0, 'neu': 0.515, 'pos': 0.485, 'compound': 0.9787},\n",
       " 85: {'neg': 0.025, 'neu': 0.653, 'pos': 0.322, 'compound': 0.9975},\n",
       " 86: {'neg': 0.109, 'neu': 0.814, 'pos': 0.077, 'compound': -0.8223},\n",
       " 87: {'neg': 0.109, 'neu': 0.867, 'pos': 0.023, 'compound': -0.8979},\n",
       " 88: {'neg': 0.153, 'neu': 0.722, 'pos': 0.126, 'compound': -0.829},\n",
       " 89: {'neg': 0.087, 'neu': 0.796, 'pos': 0.117, 'compound': 0.6705},\n",
       " 90: {'neg': 0.0, 'neu': 0.606, 'pos': 0.394, 'compound': 0.9883},\n",
       " 91: {'neg': 0.0, 'neu': 0.649, 'pos': 0.351, 'compound': 0.9402},\n",
       " 92: {'neg': 0.07, 'neu': 0.896, 'pos': 0.034, 'compound': -0.7834},\n",
       " 93: {'neg': 0.149, 'neu': 0.804, 'pos': 0.047, 'compound': -0.9887},\n",
       " 94: {'neg': 0.072, 'neu': 0.854, 'pos': 0.074, 'compound': 0.3339},\n",
       " 95: {'neg': 0.086, 'neu': 0.816, 'pos': 0.097, 'compound': 0.1779},\n",
       " 96: {'neg': 0.13, 'neu': 0.829, 'pos': 0.041, 'compound': -0.9709},\n",
       " 97: {'neg': 0.079, 'neu': 0.844, 'pos': 0.077, 'compound': -0.6973},\n",
       " 98: {'neg': 0.079, 'neu': 0.833, 'pos': 0.088, 'compound': 0.1563},\n",
       " 99: {'neg': 0.173, 'neu': 0.802, 'pos': 0.026, 'compound': -0.9562},\n",
       " 100: {'neg': 0.06, 'neu': 0.889, 'pos': 0.052, 'compound': -0.204},\n",
       " 101: {'neg': 0.113, 'neu': 0.797, 'pos': 0.09, 'compound': 0.1655},\n",
       " 102: {'neg': 0.138, 'neu': 0.862, 'pos': 0.0, 'compound': -0.9757},\n",
       " 103: {'neg': 0.174, 'neu': 0.694, 'pos': 0.132, 'compound': -0.6462},\n",
       " 104: {'neg': 0.121, 'neu': 0.828, 'pos': 0.051, 'compound': -0.6369},\n",
       " 105: {'neg': 0.318, 'neu': 0.667, 'pos': 0.015, 'compound': -0.9705},\n",
       " 106: {'neg': 0.064, 'neu': 0.743, 'pos': 0.193, 'compound': 0.9471},\n",
       " 107: {'neg': 0.072, 'neu': 0.829, 'pos': 0.099, 'compound': 0.5332},\n",
       " 108: {'neg': 0.071, 'neu': 0.843, 'pos': 0.086, 'compound': 0.4727},\n",
       " 109: {'neg': 0.13, 'neu': 0.686, 'pos': 0.184, 'compound': 0.6801},\n",
       " 110: {'neg': 0.076, 'neu': 0.868, 'pos': 0.056, 'compound': -0.9177},\n",
       " 111: {'neg': 0.072, 'neu': 0.797, 'pos': 0.131, 'compound': 0.962},\n",
       " 112: {'neg': 0.089, 'neu': 0.718, 'pos': 0.193, 'compound': 0.8481},\n",
       " 113: {'neg': 0.09, 'neu': 0.861, 'pos': 0.049, 'compound': -0.9217},\n",
       " 114: {'neg': 0.061, 'neu': 0.775, 'pos': 0.164, 'compound': 0.9658},\n",
       " 115: {'neg': 0.042, 'neu': 0.835, 'pos': 0.123, 'compound': 0.8674},\n",
       " 116: {'neg': 0.195, 'neu': 0.777, 'pos': 0.028, 'compound': -0.9684},\n",
       " 117: {'neg': 0.051, 'neu': 0.842, 'pos': 0.106, 'compound': 0.935},\n",
       " 118: {'neg': 0.048, 'neu': 0.822, 'pos': 0.131, 'compound': 0.9514},\n",
       " 119: {'neg': 0.099, 'neu': 0.772, 'pos': 0.129, 'compound': 0.9034},\n",
       " 120: {'neg': 0.009, 'neu': 0.829, 'pos': 0.163, 'compound': 0.9919},\n",
       " 121: {'neg': 0.095, 'neu': 0.873, 'pos': 0.032, 'compound': -0.9815},\n",
       " 122: {'neg': 0.0, 'neu': 1.0, 'pos': 0.0, 'compound': 0.0},\n",
       " 123: {'neg': 0.04, 'neu': 0.96, 'pos': 0.0, 'compound': -0.3716},\n",
       " 124: {'neg': 0.081, 'neu': 0.856, 'pos': 0.063, 'compound': -0.7489},\n",
       " 125: {'neg': 0.128, 'neu': 0.806, 'pos': 0.066, 'compound': -0.9509},\n",
       " 126: {'neg': 0.262, 'neu': 0.738, 'pos': 0.0, 'compound': -0.8488},\n",
       " 127: {'neg': 0.0, 'neu': 0.706, 'pos': 0.294, 'compound': 0.9947},\n",
       " 128: {'neg': 0.055, 'neu': 0.85, 'pos': 0.095, 'compound': 0.9451},\n",
       " 129: {'neg': 0.136, 'neu': 0.805, 'pos': 0.059, 'compound': -0.89},\n",
       " 130: {'neg': 0.147, 'neu': 0.751, 'pos': 0.102, 'compound': -0.8297},\n",
       " 131: {'neg': 0.074, 'neu': 0.789, 'pos': 0.137, 'compound': 0.9878},\n",
       " 132: {'neg': 0.086, 'neu': 0.894, 'pos': 0.02, 'compound': -0.9381},\n",
       " 133: {'neg': 0.102, 'neu': 0.787, 'pos': 0.11, 'compound': -0.0754},\n",
       " 134: {'neg': 0.099, 'neu': 0.827, 'pos': 0.074, 'compound': -0.383},\n",
       " 135: {'neg': 0.099, 'neu': 0.87, 'pos': 0.032, 'compound': -0.9394},\n",
       " 136: {'neg': 0.173, 'neu': 0.715, 'pos': 0.111, 'compound': -0.9734},\n",
       " 137: {'neg': 0.357, 'neu': 0.643, 'pos': 0.0, 'compound': -0.9646},\n",
       " 138: {'neg': 0.056, 'neu': 0.886, 'pos': 0.058, 'compound': -0.5348},\n",
       " 139: {'neg': 0.088, 'neu': 0.804, 'pos': 0.108, 'compound': 0.7644},\n",
       " 140: {'neg': 0.091, 'neu': 0.881, 'pos': 0.028, 'compound': -0.8996},\n",
       " 141: {'neg': 0.2, 'neu': 0.774, 'pos': 0.026, 'compound': -0.9577},\n",
       " 142: {'neg': 0.0, 'neu': 0.838, 'pos': 0.162, 'compound': 0.9694},\n",
       " 143: {'neg': 0.061, 'neu': 0.598, 'pos': 0.341, 'compound': 0.9827},\n",
       " 144: {'neg': 0.107, 'neu': 0.788, 'pos': 0.105, 'compound': 0.1318},\n",
       " 145: {'neg': 0.133, 'neu': 0.793, 'pos': 0.074, 'compound': -0.8782},\n",
       " 146: {'neg': 0.025, 'neu': 0.772, 'pos': 0.203, 'compound': 0.9985},\n",
       " 147: {'neg': 0.141, 'neu': 0.76, 'pos': 0.099, 'compound': -0.8927},\n",
       " 148: {'neg': 0.066, 'neu': 0.847, 'pos': 0.087, 'compound': 0.7968},\n",
       " 149: {'neg': 0.101, 'neu': 0.832, 'pos': 0.068, 'compound': -0.8502},\n",
       " 150: {'neg': 0.0, 'neu': 0.658, 'pos': 0.342, 'compound': 0.9788},\n",
       " 151: {'neg': 0.0, 'neu': 0.644, 'pos': 0.356, 'compound': 0.9442},\n",
       " 152: {'neg': 0.169, 'neu': 0.825, 'pos': 0.006, 'compound': -0.9807},\n",
       " 153: {'neg': 0.082, 'neu': 0.855, 'pos': 0.062, 'compound': -0.3671},\n",
       " 154: {'neg': 0.041, 'neu': 0.846, 'pos': 0.114, 'compound': 0.9556},\n",
       " 155: {'neg': 0.162, 'neu': 0.838, 'pos': 0.0, 'compound': -0.8706},\n",
       " 156: {'neg': 0.056, 'neu': 0.839, 'pos': 0.105, 'compound': 0.6994},\n",
       " 157: {'neg': 0.085, 'neu': 0.717, 'pos': 0.198, 'compound': 0.875},\n",
       " 158: {'neg': 0.089, 'neu': 0.796, 'pos': 0.115, 'compound': 0.6368},\n",
       " 159: {'neg': 0.147, 'neu': 0.853, 'pos': 0.0, 'compound': -0.8908},\n",
       " 160: {'neg': 0.068, 'neu': 0.765, 'pos': 0.167, 'compound': 0.9439},\n",
       " 161: {'neg': 0.17, 'neu': 0.78, 'pos': 0.051, 'compound': -0.6992},\n",
       " 162: {'neg': 0.103, 'neu': 0.816, 'pos': 0.081, 'compound': -0.5307},\n",
       " 163: {'neg': 0.071, 'neu': 0.809, 'pos': 0.12, 'compound': 0.8799},\n",
       " 164: {'neg': 0.084, 'neu': 0.893, 'pos': 0.023, 'compound': -0.9709},\n",
       " 165: {'neg': 0.072, 'neu': 0.829, 'pos': 0.099, 'compound': 0.4645},\n",
       " 166: {'neg': 0.0, 'neu': 0.75, 'pos': 0.25, 'compound': 0.9844},\n",
       " 167: {'neg': 0.148, 'neu': 0.834, 'pos': 0.018, 'compound': -0.9521},\n",
       " 168: {'neg': 0.223, 'neu': 0.709, 'pos': 0.068, 'compound': -0.9793},\n",
       " 169: {'neg': 0.184, 'neu': 0.754, 'pos': 0.062, 'compound': -0.926},\n",
       " 170: {'neg': 0.208, 'neu': 0.694, 'pos': 0.098, 'compound': -0.8625},\n",
       " 171: {'neg': 0.167, 'neu': 0.744, 'pos': 0.089, 'compound': -0.5727},\n",
       " 172: {'neg': 0.109, 'neu': 0.874, 'pos': 0.017, 'compound': -0.9001},\n",
       " 173: {'neg': 0.078, 'neu': 0.845, 'pos': 0.077, 'compound': -0.0379},\n",
       " 174: {'neg': 0.142, 'neu': 0.764, 'pos': 0.093, 'compound': -0.9625},\n",
       " 175: {'neg': 0.081, 'neu': 0.78, 'pos': 0.138, 'compound': 0.9265},\n",
       " 176: {'neg': 0.012, 'neu': 0.928, 'pos': 0.06, 'compound': 0.7942},\n",
       " 177: {'neg': 0.028, 'neu': 0.819, 'pos': 0.153, 'compound': 0.989},\n",
       " 178: {'neg': 0.12, 'neu': 0.828, 'pos': 0.052, 'compound': -0.3919},\n",
       " 179: {'neg': 0.075, 'neu': 0.821, 'pos': 0.104, 'compound': 0.5741},\n",
       " 180: {'neg': 0.035, 'neu': 0.786, 'pos': 0.18, 'compound': 0.9501},\n",
       " 181: {'neg': 0.034, 'neu': 0.82, 'pos': 0.146, 'compound': 0.9529},\n",
       " 182: {'neg': 0.015, 'neu': 0.985, 'pos': 0.0, 'compound': -0.0387},\n",
       " 183: {'neg': 0.079, 'neu': 0.851, 'pos': 0.07, 'compound': -0.5873},\n",
       " 184: {'neg': 0.346, 'neu': 0.606, 'pos': 0.047, 'compound': -0.9648},\n",
       " 185: {'neg': 0.066, 'neu': 0.858, 'pos': 0.076, 'compound': 0.5013},\n",
       " 186: {'neg': 0.061, 'neu': 0.813, 'pos': 0.126, 'compound': 0.8659},\n",
       " 187: {'neg': 0.089, 'neu': 0.832, 'pos': 0.079, 'compound': -0.086},\n",
       " 188: {'neg': 0.061, 'neu': 0.909, 'pos': 0.031, 'compound': -0.9276},\n",
       " 189: {'neg': 0.257, 'neu': 0.695, 'pos': 0.048, 'compound': -0.9686},\n",
       " 190: {'neg': 0.128, 'neu': 0.828, 'pos': 0.044, 'compound': -0.9127},\n",
       " 191: {'neg': 0.102, 'neu': 0.859, 'pos': 0.039, 'compound': -0.5647},\n",
       " 192: {'neg': 0.022, 'neu': 0.862, 'pos': 0.116, 'compound': 0.8724},\n",
       " 193: {'neg': 0.158, 'neu': 0.812, 'pos': 0.031, 'compound': -0.943},\n",
       " 194: {'neg': 0.074, 'neu': 0.76, 'pos': 0.166, 'compound': 0.9493},\n",
       " 195: {'neg': 0.116, 'neu': 0.81, 'pos': 0.074, 'compound': -0.6453},\n",
       " 196: {'neg': 0.101, 'neu': 0.837, 'pos': 0.062, 'compound': -0.8462},\n",
       " 197: {'neg': 0.049, 'neu': 0.837, 'pos': 0.114, 'compound': 0.893},\n",
       " 198: {'neg': 0.151, 'neu': 0.821, 'pos': 0.028, 'compound': -0.9643},\n",
       " 199: {'neg': 0.129, 'neu': 0.809, 'pos': 0.063, 'compound': -0.6801},\n",
       " 200: {'neg': 0.031, 'neu': 0.875, 'pos': 0.094, 'compound': 0.882},\n",
       " 201: {'neg': 0.07, 'neu': 0.802, 'pos': 0.128, 'compound': 0.9737},\n",
       " 202: {'neg': 0.047, 'neu': 0.84, 'pos': 0.113, 'compound': 0.963},\n",
       " 203: {'neg': 0.051, 'neu': 0.695, 'pos': 0.254, 'compound': 0.978},\n",
       " 204: {'neg': 0.142, 'neu': 0.764, 'pos': 0.094, 'compound': -0.8855},\n",
       " 205: {'neg': 0.125, 'neu': 0.858, 'pos': 0.017, 'compound': -0.9359},\n",
       " 206: {'neg': 0.061, 'neu': 0.813, 'pos': 0.126, 'compound': 0.9856},\n",
       " 207: {'neg': 0.127, 'neu': 0.782, 'pos': 0.091, 'compound': -0.4588},\n",
       " 208: {'neg': 0.071, 'neu': 0.853, 'pos': 0.076, 'compound': 0.0679},\n",
       " 209: {'neg': 0.152, 'neu': 0.816, 'pos': 0.032, 'compound': -0.9751},\n",
       " 210: {'neg': 0.048, 'neu': 0.785, 'pos': 0.167, 'compound': 0.9971},\n",
       " 211: {'neg': 0.132, 'neu': 0.853, 'pos': 0.016, 'compound': -0.9465},\n",
       " 212: {'neg': 0.05, 'neu': 0.78, 'pos': 0.17, 'compound': 0.8462},\n",
       " 213: {'neg': 0.0, 'neu': 0.715, 'pos': 0.285, 'compound': 0.9768},\n",
       " 214: {'neg': 0.086, 'neu': 0.688, 'pos': 0.226, 'compound': 0.9977},\n",
       " 215: {'neg': 0.0, 'neu': 0.761, 'pos': 0.239, 'compound': 0.9516},\n",
       " 216: {'neg': 0.042, 'neu': 0.894, 'pos': 0.064, 'compound': 0.2382},\n",
       " 217: {'neg': 0.039, 'neu': 0.896, 'pos': 0.065, 'compound': 0.7992},\n",
       " 218: {'neg': 0.141, 'neu': 0.665, 'pos': 0.194, 'compound': 0.3577},\n",
       " 219: {'neg': 0.119, 'neu': 0.843, 'pos': 0.038, 'compound': -0.6729},\n",
       " 220: {'neg': 0.083, 'neu': 0.819, 'pos': 0.098, 'compound': 0.4289},\n",
       " 221: {'neg': 0.134, 'neu': 0.785, 'pos': 0.081, 'compound': -0.9641},\n",
       " 222: {'neg': 0.034, 'neu': 0.645, 'pos': 0.321, 'compound': 0.9908},\n",
       " 223: {'neg': 0.187, 'neu': 0.741, 'pos': 0.072, 'compound': -0.9342},\n",
       " 224: {'neg': 0.136, 'neu': 0.783, 'pos': 0.081, 'compound': -0.85},\n",
       " 225: {'neg': 0.0, 'neu': 0.931, 'pos': 0.069, 'compound': 0.5927},\n",
       " 226: {'neg': 0.102, 'neu': 0.831, 'pos': 0.067, 'compound': -0.8042},\n",
       " 227: {'neg': 0.0, 'neu': 0.928, 'pos': 0.072, 'compound': 0.885},\n",
       " 228: {'neg': 0.102, 'neu': 0.816, 'pos': 0.082, 'compound': 0.7176},\n",
       " 229: {'neg': 0.081, 'neu': 0.823, 'pos': 0.097, 'compound': 0.5956},\n",
       " 230: {'neg': 0.104, 'neu': 0.788, 'pos': 0.107, 'compound': 0.0571},\n",
       " 231: {'neg': 0.105, 'neu': 0.809, 'pos': 0.086, 'compound': -0.4118},\n",
       " 232: {'neg': 0.068, 'neu': 0.876, 'pos': 0.056, 'compound': -0.4391},\n",
       " 233: {'neg': 0.179, 'neu': 0.774, 'pos': 0.048, 'compound': -0.6042},\n",
       " 234: {'neg': 0.124, 'neu': 0.839, 'pos': 0.038, 'compound': -0.9583},\n",
       " 235: {'neg': 0.068, 'neu': 0.86, 'pos': 0.073, 'compound': 0.3763},\n",
       " 236: {'neg': 0.042, 'neu': 0.544, 'pos': 0.413, 'compound': 0.9546},\n",
       " 237: {'neg': 0.074, 'neu': 0.72, 'pos': 0.206, 'compound': 0.969},\n",
       " 238: {'neg': 0.227, 'neu': 0.751, 'pos': 0.022, 'compound': -0.9912},\n",
       " 239: {'neg': 0.041, 'neu': 0.752, 'pos': 0.207, 'compound': 0.9628},\n",
       " 240: {'neg': 0.045, 'neu': 0.817, 'pos': 0.138, 'compound': 0.6786},\n",
       " 241: {'neg': 0.039, 'neu': 0.88, 'pos': 0.081, 'compound': 0.5957},\n",
       " 242: {'neg': 0.126, 'neu': 0.834, 'pos': 0.04, 'compound': -0.9091},\n",
       " 243: {'neg': 0.024, 'neu': 0.9, 'pos': 0.076, 'compound': 0.8708},\n",
       " 244: {'neg': 0.096, 'neu': 0.878, 'pos': 0.026, 'compound': -0.7717},\n",
       " 245: {'neg': 0.146, 'neu': 0.854, 'pos': 0.0, 'compound': -0.8885},\n",
       " 246: {'neg': 0.052, 'neu': 0.895, 'pos': 0.053, 'compound': -0.4532},\n",
       " 247: {'neg': 0.087, 'neu': 0.866, 'pos': 0.047, 'compound': -0.8738},\n",
       " 248: {'neg': 0.051, 'neu': 0.784, 'pos': 0.166, 'compound': 0.9879},\n",
       " 249: {'neg': 0.059, 'neu': 0.921, 'pos': 0.02, 'compound': -0.6127},\n",
       " 250: {'neg': 0.155, 'neu': 0.76, 'pos': 0.085, 'compound': -0.9273},\n",
       " 251: {'neg': 0.105, 'neu': 0.846, 'pos': 0.048, 'compound': -0.8395},\n",
       " 252: {'neg': 0.055, 'neu': 0.856, 'pos': 0.089, 'compound': 0.7579},\n",
       " 253: {'neg': 0.07, 'neu': 0.905, 'pos': 0.025, 'compound': -0.5844},\n",
       " 254: {'neg': 0.059, 'neu': 0.941, 'pos': 0.0, 'compound': -0.4588},\n",
       " 255: {'neg': 0.142, 'neu': 0.787, 'pos': 0.071, 'compound': -0.5924},\n",
       " 256: {'neg': 0.0, 'neu': 0.67, 'pos': 0.33, 'compound': 0.9939},\n",
       " 257: {'neg': 0.074, 'neu': 0.844, 'pos': 0.082, 'compound': 0.7855},\n",
       " 258: {'neg': 0.111, 'neu': 0.716, 'pos': 0.173, 'compound': 0.8441},\n",
       " 259: {'neg': 0.111, 'neu': 0.818, 'pos': 0.071, 'compound': -0.6428},\n",
       " 260: {'neg': 0.156, 'neu': 0.759, 'pos': 0.085, 'compound': -0.7866},\n",
       " 261: {'neg': 0.065, 'neu': 0.898, 'pos': 0.037, 'compound': -0.5905},\n",
       " 262: {'neg': 0.081, 'neu': 0.882, 'pos': 0.037, 'compound': -0.7184},\n",
       " 263: {'neg': 0.122, 'neu': 0.812, 'pos': 0.066, 'compound': -0.926},\n",
       " 264: {'neg': 0.201, 'neu': 0.799, 'pos': 0.0, 'compound': -0.8899},\n",
       " 265: {'neg': 0.161, 'neu': 0.827, 'pos': 0.012, 'compound': -0.983},\n",
       " 266: {'neg': 0.041, 'neu': 0.888, 'pos': 0.07, 'compound': 0.6833},\n",
       " 267: {'neg': 0.067, 'neu': 0.906, 'pos': 0.027, 'compound': -0.8689},\n",
       " 268: {'neg': 0.146, 'neu': 0.832, 'pos': 0.022, 'compound': -0.9828},\n",
       " 269: {'neg': 0.171, 'neu': 0.806, 'pos': 0.022, 'compound': -0.9792},\n",
       " 270: {'neg': 0.141, 'neu': 0.77, 'pos': 0.089, 'compound': -0.9577},\n",
       " 271: {'neg': 0.106, 'neu': 0.862, 'pos': 0.031, 'compound': -0.8481},\n",
       " 272: {'neg': 0.11, 'neu': 0.864, 'pos': 0.026, 'compound': -0.6366},\n",
       " 273: {'neg': 0.0, 'neu': 0.885, 'pos': 0.115, 'compound': 0.859},\n",
       " 274: {'neg': 0.139, 'neu': 0.861, 'pos': 0.0, 'compound': -0.743},\n",
       " 275: {'neg': 0.053, 'neu': 0.901, 'pos': 0.046, 'compound': -0.1779},\n",
       " 276: {'neg': 0.143, 'neu': 0.81, 'pos': 0.047, 'compound': -0.9877},\n",
       " 277: {'neg': 0.013, 'neu': 0.8, 'pos': 0.187, 'compound': 0.9524},\n",
       " 278: {'neg': 0.311, 'neu': 0.689, 'pos': 0.0, 'compound': -0.9479},\n",
       " 279: {'neg': 0.268, 'neu': 0.732, 'pos': 0.0, 'compound': -0.8591},\n",
       " 280: {'neg': 0.212, 'neu': 0.682, 'pos': 0.107, 'compound': -0.2698},\n",
       " 281: {'neg': 0.1, 'neu': 0.853, 'pos': 0.047, 'compound': -0.966},\n",
       " 282: {'neg': 0.027, 'neu': 0.89, 'pos': 0.084, 'compound': 0.7218},\n",
       " 283: {'neg': 0.015, 'neu': 0.85, 'pos': 0.135, 'compound': 0.9698},\n",
       " 284: {'neg': 0.144, 'neu': 0.712, 'pos': 0.144, 'compound': 0.0},\n",
       " 285: {'neg': 0.157, 'neu': 0.757, 'pos': 0.085, 'compound': -0.9475},\n",
       " 286: {'neg': 0.142, 'neu': 0.807, 'pos': 0.051, 'compound': -0.931},\n",
       " 287: {'neg': 0.112, 'neu': 0.757, 'pos': 0.131, 'compound': 0.7147},\n",
       " 288: {'neg': 0.075, 'neu': 0.847, 'pos': 0.078, 'compound': 0.5999},\n",
       " 289: {'neg': 0.089, 'neu': 0.874, 'pos': 0.037, 'compound': -0.8793},\n",
       " 290: {'neg': 0.037, 'neu': 0.934, 'pos': 0.029, 'compound': -0.7449},\n",
       " 291: {'neg': 0.185, 'neu': 0.759, 'pos': 0.056, 'compound': -0.8565},\n",
       " 292: {'neg': 0.145, 'neu': 0.842, 'pos': 0.012, 'compound': -0.9313},\n",
       " 293: {'neg': 0.119, 'neu': 0.866, 'pos': 0.015, 'compound': -0.8268},\n",
       " 294: {'neg': 0.084, 'neu': 0.902, 'pos': 0.014, 'compound': -0.9169},\n",
       " 295: {'neg': 0.018, 'neu': 0.885, 'pos': 0.097, 'compound': 0.9183},\n",
       " 296: {'neg': 0.14, 'neu': 0.784, 'pos': 0.076, 'compound': -0.7076},\n",
       " 297: {'neg': 0.081, 'neu': 0.919, 'pos': 0.0, 'compound': -0.5106},\n",
       " 298: {'neg': 0.078, 'neu': 0.855, 'pos': 0.067, 'compound': -0.0},\n",
       " 299: {'neg': 0.077, 'neu': 0.763, 'pos': 0.16, 'compound': 0.9658},\n",
       " 300: {'neg': 0.065, 'neu': 0.718, 'pos': 0.217, 'compound': 0.9492},\n",
       " 301: {'neg': 0.043, 'neu': 0.876, 'pos': 0.081, 'compound': 0.5719},\n",
       " 302: {'neg': 0.159, 'neu': 0.798, 'pos': 0.043, 'compound': -0.725},\n",
       " 303: {'neg': 0.0, 'neu': 0.756, 'pos': 0.244, 'compound': 0.9419},\n",
       " 304: {'neg': 0.186, 'neu': 0.762, 'pos': 0.051, 'compound': -0.7256},\n",
       " 305: {'neg': 0.109, 'neu': 0.797, 'pos': 0.094, 'compound': -0.4027},\n",
       " 306: {'neg': 0.145, 'neu': 0.815, 'pos': 0.04, 'compound': -0.7269},\n",
       " 307: {'neg': 0.233, 'neu': 0.767, 'pos': 0.0, 'compound': -0.7579},\n",
       " 308: {'neg': 0.015, 'neu': 0.749, 'pos': 0.236, 'compound': 0.9927},\n",
       " 309: {'neg': 0.079, 'neu': 0.792, 'pos': 0.129, 'compound': 0.5709},\n",
       " 310: {'neg': 0.06, 'neu': 0.734, 'pos': 0.206, 'compound': 0.9708},\n",
       " 311: {'neg': 0.069, 'neu': 0.868, 'pos': 0.062, 'compound': -0.2263},\n",
       " 312: {'neg': 0.043, 'neu': 0.926, 'pos': 0.03, 'compound': -0.5966},\n",
       " 313: {'neg': 0.188, 'neu': 0.758, 'pos': 0.054, 'compound': -0.8256},\n",
       " 314: {'neg': 0.132, 'neu': 0.802, 'pos': 0.066, 'compound': -0.3818},\n",
       " 315: {'neg': 0.1, 'neu': 0.868, 'pos': 0.032, 'compound': -0.9349},\n",
       " 316: {'neg': 0.093, 'neu': 0.892, 'pos': 0.015, 'compound': -0.9328},\n",
       " 317: {'neg': 0.073, 'neu': 0.851, 'pos': 0.076, 'compound': 0.2538},\n",
       " 318: {'neg': 0.075, 'neu': 0.856, 'pos': 0.068, 'compound': 0.1901},\n",
       " 319: {'neg': 0.034, 'neu': 0.724, 'pos': 0.242, 'compound': 0.9836},\n",
       " 320: {'neg': 0.0, 'neu': 0.808, 'pos': 0.192, 'compound': 0.9723},\n",
       " 321: {'neg': 0.087, 'neu': 0.793, 'pos': 0.12, 'compound': 0.7878},\n",
       " 322: {'neg': 0.109, 'neu': 0.825, 'pos': 0.066, 'compound': -0.7714},\n",
       " 323: {'neg': 0.064, 'neu': 0.511, 'pos': 0.424, 'compound': 0.9808},\n",
       " 324: {'neg': 0.134, 'neu': 0.785, 'pos': 0.081, 'compound': -0.6936},\n",
       " 325: {'neg': 0.083, 'neu': 0.882, 'pos': 0.035, 'compound': -0.3997},\n",
       " 326: {'neg': 0.037, 'neu': 0.886, 'pos': 0.078, 'compound': 0.919},\n",
       " 327: {'neg': 0.062, 'neu': 0.887, 'pos': 0.05, 'compound': -0.3923},\n",
       " 328: {'neg': 0.089, 'neu': 0.883, 'pos': 0.027, 'compound': -0.9281},\n",
       " 329: {'neg': 0.035, 'neu': 0.856, 'pos': 0.108, 'compound': 0.4404},\n",
       " 330: {'neg': 0.063, 'neu': 0.883, 'pos': 0.054, 'compound': -0.2558},\n",
       " 331: {'neg': 0.17, 'neu': 0.789, 'pos': 0.041, 'compound': -0.9011},\n",
       " 332: {'neg': 0.124, 'neu': 0.765, 'pos': 0.111, 'compound': 0.0258},\n",
       " 333: {'neg': 0.173, 'neu': 0.691, 'pos': 0.135, 'compound': -0.4903},\n",
       " 334: {'neg': 0.0, 'neu': 0.78, 'pos': 0.22, 'compound': 0.765},\n",
       " 335: {'neg': 0.0, 'neu': 0.957, 'pos': 0.043, 'compound': 0.2584},\n",
       " 336: {'neg': 0.097, 'neu': 0.886, 'pos': 0.017, 'compound': -0.9704},\n",
       " 337: {'neg': 0.074, 'neu': 0.889, 'pos': 0.037, 'compound': -0.876},\n",
       " 338: {'neg': 0.094, 'neu': 0.864, 'pos': 0.042, 'compound': -0.7304},\n",
       " 339: {'neg': 0.078, 'neu': 0.888, 'pos': 0.033, 'compound': -0.705},\n",
       " 340: {'neg': 0.079, 'neu': 0.91, 'pos': 0.011, 'compound': -0.799},\n",
       " 341: {'neg': 0.036, 'neu': 0.922, 'pos': 0.042, 'compound': 0.7184},\n",
       " 342: {'neg': 0.104, 'neu': 0.896, 'pos': 0.0, 'compound': -0.7096},\n",
